23443
244684
19399
16348
213478
19378
12061
60357
235413
215416
215600
15522
142962
220237
12431
229565
18139
17546
221001
45688
21190
12080
10638
53607
11944
21444
24125
235844
236315
236311
76625
222090
17300
169983
218792
238020
218494
222936
44388
23632
237356
14399
229232
47214
242417
23056
212397
11046
50310
178993
237851
50096
8792
237852
14764
221209
14761
83097
230141
234396
236274
216564
136604
234493
238792
238835
232326
233358
234880
8426
216965
216966
228680
13831
216962
13879
19133
241067
245033
229525
239689
147624
87476
8544
8547
8546
12409
7598
9831
87805
15364
12405
8493
23657
239675
31045
72953
8495
180754
239424
34690
239423
130808
228068
8081
228745
245257
73474
13720
13688
8336
9247
13727
159385
228844
239054
26365
165963
241292
244814
69413
222701
12539
228114
218970
177497
234177
239903
221012
228449
239909
228119
244950
10813
228046
60347
55243
244555
240130
244559
153660
241684
16549
25678
241683
22154
246100
25687
221002
230418
88228
230823
13752
81503
200957
26317
161211
13611
70451
16066
32220
87590
25751
32385
177777
220702
240004
75320
16488
17540
17628
104554
233018
16480
8941
51997
231278
241430
241431
25122
235288
241534
13436
223029
223381
69744
6731
245951
245952
80742
37683
141207
240958
26385
235841
16399
240956
46402
9249
86230
141848
9127
91877
42936
9531
75212
139339
13289
222704
244679
21602
74227
218120
223152
235593
199386
218129
139580
235358
236483
10401
11978
222117
20087
45710
231853
20082
222174
232080
158703
246305
246304
246306
222178
222179
218464
146000
13218
237238
71334
179031
21735
162055
236632
12340
20038
53875
237194
70830
237199
59625
15873
203392
9059
107700
62892
9050
14155
9759
222014
24147
21424
18937
24143
8913
132934
68768
18444
218325
239384
236742
237699
18443
18830
8917
179361
237990
15176
147103
237993
56927
230258
17938
17834
233726
210424
49920
246042
36079
14692
8576
241909
218484
232102
241904
168986
21371
12921
12486
15456
8625
109297
8621
54117
178862
8786
86738
241588
26706
213705
31590
25079
234480
8714
25078
229135
8719
171407
72133
233267
76161
8656
231680
232811
163998
47705
234347
60564
8420
232819
229359
239506
24786
214380
65734
238748
40429
239692
77360
214957
15191
7444
72392
7446
59866
15057
234748
217272
212969
221267
234664
219455
221260
234115
212507
212505
241609
239439
228070
218898
159251
245094
8328
245098
76984
228856
76981
158140
86346
228852
13993
9910
241282
244866
241287
239948
214488
231612
245070
217053
177569
239933
245146
77194
7535
221000
228109
245149
241837
229099
25321
214502
219543
16309
215447
241560
214994
22782
230568
12643
12725
241732
244265
231105
89321
231101
220326
13740
26304
23867
56693
197394
215439
25605
51960
237853
50036
16156
16157
16881
19854
21126
240980
233916
22737
231367
231366
16722
75452
233919
16161
88123
237577
11749
223394
19124
215698
10916
98066
159370
241260
213319
165527
240940
217969
235443
230965
230966
56140
7294
221949
20724
20725
240268
13353
28242
7848
13358
237721
237720
238295
16839
240069
235220
235588
13651
231962
236128
235580
235583
236244
11730
20014
235341
9342
220421
90348
231825
13180
21700
22818
21259
23426
16903
232246
22297
201845
12369
237206
16908
222607
22955
23608
12353
22521
21294
14640
77981
108982
222111
70828
211847
231665
237309
168610
12252
14169
10462
9768
9046
9044
13071
13072
222112
232025
9295
13079
23096
44149
8910
11967
18434
22827
8853
142075
210423
11191
14345
11195
12924
12926
232750
228858
71179
17391
17926
15768
219810
217844
230247
11242
230243
234031
132815
132814
40399
234402
229037
234712
22629
237570
132959
20481
83148
8921
233571
8631
237978
235652
15118
220851
14581
14746
14743
31096
222978
233582
7608
25895
24264
15595
78131
8709
238179
233276
229360
13856
234293
222859
12955
229441
231698
177695
222850
15436
15341
12422
237805
221084
67783
30918
8522
178498
217297
14516
22878
213608
14518
17048
246029
228344
31064
10047
219502
221256
72570
84698
205181
239404
239405
7295
21728
239408
172445
201182
175773
236727
93611
216913
93597
239033
239035
229967
229964
89539
230614
177574
15238
105852
24685
231746
24681
15338
73993
220490
239534
239537
245407
214729
23386
241771
239538
89833
244274
233998
213238
218088
25700
19341
12630
239327
81562
185788
12637
235052
244374
77008
239328
223250
177752
19291
10853
153927
23393
23811
230771
236869
230773
31965
213343
16003
177619
220048
229369
234360
221109
177611
212451
215679
79518
7167
161469
240473
17602
25418
12024
242342
19908
218030
214215
12188
236435
148238
55862
239482
55867
94795
230977
216869
230974
57761
240337
220268
6698
220340
181609
17323
75861
220597
7931
70433
219295
221958
230665
246535
7289
201978
190015
8134
17693
12582
60070
21140
235232
235231
215034
218104
25096
220827
223175
46678
12621
15438
43655
9353
70585
17773
20144
49338
22897
70589
9191
20669
7941
21240
164613
222196
246447
240667
21497
27946
240208
223077
68105
16856
245093
208360
16853
236613
222611
16915
232331
13309
237741
16911
8994
167419
143424
10707
21391
21392
70103
57428
20914
71916
16260
70447
13303
18045
239594
232198
202417
237106
222106
222109
87285
228511
162383
108657
236983
21649
8620
217912
70968
86409
234864
80837
86407
80696
214222
14186
22292
234723
228923
214618
31272
8858
220861
14758
245579
28035
234914
24377
87149
14752
13152
216452
232763
72012
238840
229277
12592
233419
229371
8519
231426
8694
40528
141564
11000
213614
17732
230059
222148
245318
144055
170061
219577
46819
88326
239552
228872
239419
239418
239417
239416
239008
177594
22230
232908
89248
23249
76846
11343
228976
22574
23246
86004
76994
50994
12568
184255
220127
8198
220426
245006
217136
228571
8459
239950
206837
83652
197938
195042
25306
244561
60314
25303
220130
214565
239310
23431
77156
12626
239316
15994
26284
77012
74698
150439
220751
43737
13762
177609
14498
24626
240716
25624
222150
61419
25150
222151
219907
60924
25158
17613
230995
19521
19247
13981
12051
231023
212479
231026
12054
241409
180905
55872
158587
218028
150435
12196
158582
46165
31827
216975
86957
214203
16602
159058
220370
240142
14495
27220
13848
160869
25014
216979
24446
39964
205747
9111
240287
46347
83752
240369
70679
7828
213117
242363
7821
236697
236691
25572
223065
223064
235424
218119
222592
8028
236102
236103
26266
11715
85275
235179
222098
222635
20177
90325
90324
7957
7956
8987
240216
240210
22937
10692
9160
23567
17007
7385
232222
173906
212911
236609
16139
16966
236218
235922
177809
244575
163162
246184
20458
9068
10285
54202
218425
182157
17712
9701
24119
7255
14990
237351
8875
7251
8877
221988
7314
22847
230178
232597
232594
13395
13394
12301
42110
236670
236778
236990
239520
231809
199581
54702
72503
232573
15628
142730
237099
236975
11880
220907
38771
11885
26926
220909
58490
20292
112867
218513
12143
246276
10759
223507
87389
12141
17467
8806
8807
7671
104850
14297
216692
233453
15959
237955
233794
231469
40352
229566
229564
222281
18181
8751
8752
11122
24202
143492
162845
15132
11081
15134
14687
239833
14685
126007
230293
14723
14722
216529
24360
242218
8729
13477
218560
218561
234450
76055
235546
216111
72007
235840
212684
215318
8502
22322
8509
23656
89852
228644
220989
13877
7319
179927
13697
151597
237850
51535
230680
15009
228367
25988
221234
230048
151068
14531
219643
233499
238941
8597
8592
239889
229413
77489
218057
214756
35360
8379
86019
47374
8571
229780
44071
11231
23602
82385
8472
24741
244859
177519
245589
220113
217123
214992
239125
8447
245077
7762
7763
245174
111361
19323
213253
241372
25642
239269
244588
245194
232723
35646
12619
26290
235135
239305
200919
26295
26296
23838
177633
219107
13717
166477
221041
221163
228028
87901
241577
241576
241575
241579
241578
25163
46185
241479
25369
231034
244507
235432
22597
235004
25488
25489
16110
177708
217812
220414
215094
21648
214217
220418
219965
19956
16270
17676
219801
21166
24997
236449
218040
149221
13566
13562
26277
26274
235480
230333
235724
17289
12884
222085
216969
218220
17151
240225
218227
215000
221901
21266
17401
245148
17014
151574
16875
44742
232216
12381
13313
236707
26005
26004
235262
192676
26001
9575
26002
16976
85001
80525
45048
11802
11801
9093
236360
17705
246766
9658
216388
9300
9303
236060
15489
8889
75133
218354
7362
8887
51647
8883
12316
42104
220346
199598
25041
237240
158753
236706
8966
147544
6820
7430
59671
232548
232663
216788
9005
9003
20347
219774
219772
24037
78171
47817
20021
219173
87392
216721
84357
8814
15836
246449
8810
87013
18906
146257
8818
151149
89634
137363
8745
18195
18193
238412
14303
112976
151611
24217
17807
15644
151618
234447
7097
7095
242266
7159
231939
14732
87168
219448
68578
142700
218573
242344
228634
238254
8106
229254
229258
23642
47667
8850
228387
13323
27739
21417
18126
34159
9861
15391
24033
85891
26673
213739
213636
143388
8660
239720
217330
239722
211210
232479
8668
8669
31627
229770
174543
222935
242509
222937
228811
228429
23730
46982
22351
214765
228134
237842
161019
66590
8563
213492
15004
23630
216945
21083
239975
230629
240885
213085
70562
231493
19132
18038
217488
214619
24433
50925
214617
50848
221299
213640
55174
245230
244346
245232
239270
21659
51389
16049
70279
240767
79928
103959
6730
7439
131107
229923
239078
239374
12607
184346
220779
51255
177781
26461
26460
76954
165708
239387
50658
19009
19008
8798
245523
24532
9926
213465
22775
212383
150141
82693
25077
241589
241586
241587
241584
215315
241582
241583
241580
241581
241469
12775
162894
12077
12075
215492
240695
240696
74788
220872
235159
240984
223297
25772
213266
43769
16167
213263
150484
153615
215360
215811
213269
220314
175000
214492
21176
8892
46739
16466
237173
21859
238620
17399
236577
219811
237176
219813
17395
23035
19948
215225
106461
218073
223049
223048
223042
45426
223010
235713
85256
90295
17024
70579
235871
90233
17028
240336
49591
240334
25202
240333
25200
219920
229434
37350
49616
246571
244710
232208
244715
13308
236275
236372
229437
16788
228121
9463
12154
235276
17098
167135
53935
7402
20928
219931
237783
152148
20920
87319
14120
220150
190739
21452
68380
68382
139889
223452
71258
21694
8954
179011
17968
202975
222152
222153
22861
83414
83412
222154
36912
12322
90303
185331
192666
236306
13230
214064
237787
14956
14954
15895
17172
44001
14737
174713
233383
246620
21360
71146
9038
234448
158899
236899
246396
216320
219169
246259
233016
23622
11815
8820
8821
8827
22312
71224
236009
78299
218948
142702
233776
238054
47476
15096
47472
217817
217816
217815
217814
217813
7646
217811
229071
230334
14316
230336
230331
15650
216136
220953
222081
171370
20241
242278
222236
234536
235445
238037
59988
59599
174247
89199
87535
237746
229719
218727
229247
222615
8997
35892
237927
237849
221887
8277
40573
12416
79313
40574
8270
106528
162899
212381
11070
14551
221210
14554
244250
222395
218031
214644
212632
228383
239860
229430
230821
228945
222865
158138
229435
229436
246274
55191
8395
245436
8391
234369
8552
180596
8551
65896
232873
8000
8003
27738
245057
15070
177827
15375
21639
19126
19127
34144
8484
228238
245728
235171
12967
228629
214971
228546
