1017298
1014140
1017747
1017294
1013135
1017906
6099
1017327
1015485
6792
1016505
1017198
1014429
1015526
1015524
1017460
1017463
1017464
1017465
1017467
1017468
1662
1012636
1017630
4076
1015331
8602
4835
1013259
1139
1014605
1013490
1013493
1012737
1013555
1012735
1013557
1018002
1017998
1015632
1015631
6195
1017990
1017991
1017992
1017994
1017996
1015825
1017125
12798
1016020
1017120
1017684
12790
1016028
1017680
7884
1017682
1016159
1013080
1013081
1016151
1016154
1012922
1012888
1016693
1018009
9437
1017621
1016708
11120
12523
12247
1846
9558
11344
8463
1016807
1016806
10028
9644
11222
1901
12568
1017228
7264
12565
1017224
1017225
12234
12236
12231
12334
1017419
1017790
1017826
1014959
1017829
1017413
1017412
1014814
1017414
1014078
1014772
1015070
1015072
1015077
10241
1015175
1017316
1017317
1017099
1017313
1017310
1017311
11531
11530
12817
1017318
1017258
1017705
1017701
1017703
1017161
1012678
1013515
1018038
1018039
1018036
1018037
1012779
1018035
1017172
1018030
1018031
7175
1015771
1017890
1017892
1017486
12942
1017484
1017482
12941
1017160
12197
1015576
1014088
1013449
1016478
1012470
12752
12699
12698
1017002
1017003
1017000
1017001
1017554
10935
1012473
12490
12493
1016754
1016209
1012661
1016974
1016976
1016804
1015679
1015678
1013204
4464
1014490
8797
1285
1016684
2082
1015956
1014799
4911
1017206
1013684
1017165
1016271
1016277
1015312
1016101
1015316
8052
6101
1016292
1013709
1015250
1013351
11306
11307
7457
1014427
12378
1013332
1013334
1017396
9563
12170
1016668
1378
1017863
1017426
9687
1017289
1017395
1017280
1017281
1017282
1017283
1017284
1017937
9709
9662
11578
1015480
1016929
11573
11571
1015481
1016997
1013148
1017217
1016992
1016991
1015698
1017352
1016857
1017219
11376
1017356
7310
12538
1017355
9031
1015086
1017911
1017912
1017914
1014183
12908
1014869
1017919
1017523
1017525
1017851
1017850
1014041
1014890
1016534
12657
1015536
1016532
1017752
1017753
1017751
1017455
1017326
1017457
1017456
1017451
1017322
8404
1017452
1014312
1018006
1018005
1018004
1017142
1018001
1018000
1017626
1012649
1016492
1017623
1017149
1018008
1017328
1013481
11127
1014592
1015627
1017392
12004
12005
1014866
1017133
1016032
1017131
1013968
1017134
12876
1016925
1012892
1016667
1013742
1015214
10461
1013748
1016146
12878
1013987
8242
1015836
1013982
1012544
1014468
8114
1012796
2058
1017839
1015968
7497
9403
1017639
8598
1014316
188
1015843
1015442
11977
1016876
1015282
1016811
8478
1017300
9620
1013182
1013068
12579
12076
1013063
1013064
1013066
12348
1012706
1017768
11311
1017766
1014760
1017764
1014943
9755
1018022
9753
1015068
1015069
11486
1014055
1015065
1015062
12612
1016867
1017362
1017360
1017367
1014897
12217
1017369
1017086
1017641
1017246
1014358
1017714
1017643
1013442
11143
1018043
1018042
1017068
1017069
1016047
1018044
1017969
1017968
1017880
4706
1013015
1012443
1014714
1012445
1017964
1014307
1015795
12685
1016560
1015546
5146
1016447
1015767
6135
1017407
1014821
1014396
1015823
1766
1013845
1013433
1017613
12011
12489
1012581
1017619
1013786
1014800
1017585
1014547
4576
12186
1012615
12924
1014785
1014786
1014787
1015807
1017156
1015768
1017662
1016361
1017660
3176
1013439
12473
1015329
1016462
1015325
12102
9377
12826
1012909
5595
5599
1018046
12260
12266
1015023
9098
1015025
1015181
11804
9719
8328
9655
1015431
1017385
9711
1015435
1015434
1017201
1016980
1017205
1016982
1017208
12073
1016821
8883
7539
1017927
1017381
1017380
1017844
1014875
1017929
1017384
1017387
1017438
1017388
1017435
1017434
1017433
1017920
1017431
1017430
1013150
1015502
11894
1016517
7029
1014978
1014051
11892
1016522
1017184
4754
1014902
1017722
1017338
1017726
1017442
1017335
1017336
1017337
1017330
1017447
1017444
1017445
1017659
1016096
11091
1016311
1017652
1018018
1018019
1016066
1013741
1012495
12912
251
2804
1016415
1016413
1015751
1015756
1015757
1017537
1017535
1016009
1017533
1017530
4762
11588
7878
1016957
1214
1013755
1015202
10647
1016890
1016958
1013995
1014471
11895
6356
1014677
4935
12101
7839
6297
1013581
1012782
11149
1455
9754
2518
1016255
8667
1016258
4765
1015873
1015875
1015874
1015877
1015479
11489
1015475
1015476
12545
1013053
9595
9591
10362
1012878
1014167
1012974
1014401
12087
1013356
12466
1013355
12460
871
7777
4596
4597
7470
12356
1016731
1013598
1017809
1015156
1014158
9048
4799
1017443
11490
4797
1017729
11996
1017371
1017372
1017378
1017379
3227
2131
1017279
11966
1013456
11294
11963
1017118
1017972
1014330
1017509
1017058
1017505
1013548
1016584
1013537
1013535
1017656
1017876
1014706
1014707
12778
12072
1015128
1016513
1015496
1016510
12679
5273
12675
1017472
1017470
1017477
1017475
1016849
1017570
1017571
1015045
1017577
1016229
1016228
1013221
1157
1013386
8147
1013229
1017393
1013895
1016317
1017593
1014209
3640
3469
1017989
1017988
1017104
1015726
55
1017982
1016859
1017985
1017984
1016055
1016053
1017699
1016427
1016356
1017693
12784
1012734
1015231
1017351
1015236
1015234
1015332
1016127
9268
1015992
10046
1017357
1015494
1017108
1017354
5768
1012932
1017145
1012527
1012828
12855
1014525
1014527
9607
4807
4808
1012410
1017103
1016636
1018032
1015460
9722
11470
11505
1015429
1018045
3266
1015346
1939
1015344
9643
1012801
7378
1016830
1016834
12511
1014984
1013368
11926
5730
1017786
1013732
1017398
1014747
1014748
1017394
1017427
1017420
1017421
1017390
1017391
12631
12630
1321
1014184
12034
1017889
1013572
11504
1014721
1017308
1015195
1017734
8415
1017532
1017303
1017305
1018021
1018020
1018023
1015238
1018025
1018024
1017640
1018028
1016065
1016064
1016063
1012660
12024
1017493
1017492
1017494
1013400
1017498
12185
12184
1014362
12182
1017941
1012460
1015566
2211
1016467
1017789
1015609
1016784
1017015
1012388
1013864
1017546
1017549
6696
1017620
1012560
1016943
8175
1016762
1012569
1014953
1014095
12851
1017857
1014488
1014487
5644
12110
12111
12114
12115
12117
12293
1014561
1015946
11195
1013691
7137
1017410
1017402
9425
9426
1016113
1015306
1016111
1015304
1015309
1015308
1016119
1016286
7233
12800
8412
8001
481
1016288
12364
6542
12360
1014419
9801
1016160
1016167
5312
7462
4855
2537
12169
1852
